A001 226 284 235
A002 249 278 290
A003 250 225 246
A004 271 279 246
A005 269 234 246
A006 203 253 227
A007 207 235 286
A008 201 226 250
A009 247 251 260
A010 235 294 279
A011 225 228 214
A012 289 222 268
A013 214 207 216
A014 246 212 292
A015 203 227 208
A016 251 235 208
A017 257 221 221
A018 239 221 283
A019 257 224 258
A020 285 201 227
A021 230 215 231
A022 268 246 250
A023 232 280 212
A024 279 290 246
A025 211 262 223
A026 295 298 299
A027 242 297 216
A028 251 278 273
A029 257 287 206
A030 232 232 298
A031 210 229 205
A032 290 216 297
A033 261 236 282
A034 258 218 255
A035 297 279 232
A036 276 227 260
A037 259 263 227
A038 259 243 205
A039 210 279 238
A040 258 210 259
A041 243 200 248
A042 214 268 260
A043 240 222 246
A044 226 234 261
A045 217 284 278
A046 261 255 299
A047 241 281 259
A048 247 273 269
A049 271 251 287
A050 300 279 237
A051 259 202 225
A052 222 214 218
A053 206 283 210
A054 272 235 205
A055 213 233 229
A056 266 242 260
A057 227 249 224
A058 239 217 230
A059 300 297 227
A060 280 243 216
A061 274 241 243
A062 209 267 231
A063 235 296 269
A064 260 255 273
A065 288 269 246
A066 254 233 240
A067 240 205 209
A068 226 273 229
A069 212 220 286
A070 296 222 218
A071 291 227 239
A072 295 299 295
A073 262 204 266
A074 298 230 246
A075 292 267 295
A076 252 251 248
A077 285 246 263
A078 288 239 238
A079 207 247 268
A080 214 297 247
A081 246 240 273
A082 250 269 228
A083 233 294 271
A084 251 293 228
A085 275 243 276
A086 263 234 205
A087 234 261 269
A088 238 211 277
A089 256 203 289
A090 201 287 251
A091 227 247 208
A092 218 251 291
A093 274 241 299
A094 267 218 257
A095 277 233 253
A096 234 213 296
A097 263 244 212
A098 262 280 235
A099 278 208 228
A100 297 295 266
A101 240 232 207
A102 219 224 245
A103 220 256 292
A104 286 290 294
A105 207 268 242
A106 212 261 279
A107 223 221 291
A108 293 238 242
A109 238 265 268
A110 274 241 243
A111 262 277 247
A112 233 227 287
A113 250 258 209
A114 208 214 257
A115 204 278 255
A116 219 255 211
A117 293 266 248
A118 250 273 273
A119 275 248 294
A120 265 281 259
A121 278 247 214
A122 249 223 212
A123 246 274 241
A124 256 262 202
A125 269 215 207
A126 233 289 261
A127 288 219 210
A128 256 281 276
A129 295 212 204
A130 274 258 280
A131 293 286 277
A132 250 230 268
A133 243 255 254
A134 242 274 281
A135 271 236 203
A136 245 281 258
A137 266 242 259
A138 232 277 262
A139 249 222 266
A140 238 254 210
A141 208 273 216
A142 262 264 276
A143 226 218 285
A144 240 290 233
A145 206 245 246
A146 229 285 244
A147 272 250 232
A148 246 208 216
A149 220 260 209
A150 214 201 208
A151 201 204 200
A152 244 234 201
A153 265 209 273
A154 228 219 262
A155 273 226 252
A156 226 225 231
A157 216 219 237
A158 221 267 204
A159 279 262 264
A160 300 242 203
A161 267 211 217
A162 277 238 286
A163 233 263 211
A164 244 265 276
A165 272 244 231
A166 270 273 282
A167 265 294 234
A168 278 299 282
A169 271 281 238
A170 296 266 272
A171 237 265 268
A172 269 262 207
A173 245 297 289
A174 266 294 263
A175 220 272 255
A176 262 250 223
A177 274 208 289
A178 283 235 248
A179 270 289 213
A180 235 206 258
A181 248 237 298
A182 239 207 300
A183 208 202 282
A184 223 225 277
A185 294 299 200
A186 272 258 226
A187 226 209 230
A188 214 222 257
A189 284 254 230
A190 220 300 274
A191 295 209 291
A192 230 218 256
A193 266 282 264
A194 256 254 247
A195 241 250 284
A196 212 289 237
A197 247 298 230
A198 287 208 298
A199 227 233 214
A200 240 255 254
A201 270 289 203
A202 208 229 215
A203 287 263 280
A204 245 206 276
A205 263 271 255
A206 284 273 272
A207 273 272 266
A208 293 274 201
A209 243 207 200
A210 294 203 285
A211 242 225 226
A212 210 286 266
A213 244 233 221
A214 269 225 226
A215 257 202 292
A216 255 224 238
A217 242 244 261
A218 243 267 284
A219 289 277 214
A220 201 266 221
A221 214 294 260
A222 295 203 281
A223 250 252 285
A224 290 239 240
A225 251 204 246
A226 239 235 271
A227 210 289 284
A228 263 251 260
A229 224 299 258
A230 242 222 209
A231 251 243 268
A232 300 254 231
A233 266 262 300
A234 210 204 273
A235 253 252 204
A236 220 293 263
A237 238 249 241
A238 244 291 278
A239 238 252 242
A240 200 271 204
A241 223 207 229
A242 276 239 297
A243 273 251 250
A244 214 274 274
A245 272 200 284
A246 210 209 300
A247 255 204 206
A248 296 204 274
A249 268 207 252
A250 291 262 202
A251 290 266 292
A252 295 287 297
A253 243 278 213
A254 208 248 242
A255 212 223 275
A256 268 272 291
A257 294 227 243
A258 243 245 267
A259 298 228 203
A260 256 207 232
A261 244 282 289
A262 248 225 207
A263 282 277 213
A264 288 268 231
A265 286 246 256
A266 265 284 282
A267 299 200 235
A268 262 297 234
A269 260 246 220
A270 225 298 259
A271 294 287 270
A272 282 265 266
A273 253 264 298
A274 268 287 295
A275 278 206 259
A276 211 257 300
A277 210 233 244
A278 222 258 207
A279 297 283 285
A280 254 289 280
A281 287 256 280
A282 254 295 282
A283 261 204 282
A284 290 211 219
A285 284 230 213
A286 241 284 291
A287 276 248 289
A288 221 214 265
A289 215 271 229
A290 263 285 283
A291 281 300 275
A292 218 281 230
A293 214 224 212
A294 278 250 252
A295 218 221 221
A296 225 238 227
A297 294 255 299
A298 295 279 241
A299 291 266 242
A300 215 239 223
A301 252 299 220
A302 299 208 212
A303 245 266 250
A304 284 226 260
A305 279 298 299
A306 236 203 294
A307 244 290 232
A308 202 269 230
A309 285 287 220
A310 234 227 215
A311 289 300 285
A312 289 226 252
A313 232 219 212
A314 208 280 273
A315 278 210 228
A316 238 215 281
A317 243 255 263
A318 248 272 249
A319 291 250 229
A320 290 214 221
A321 293 210 238
A322 234 295 227
A323 275 291 272
A324 246 203 284
A325 282 235 209
A326 260 225 259
A327 201 247 272
A328 240 292 273
A329 253 240 228
A330 236 299 277
A331 222 242 205
A332 291 216 270
A333 235 243 215
A334 201 263 225
A335 209 297 251
A336 279 267 236
A337 239 231 224
A338 271 289 267
A339 250 253 219
A340 265 281 255
A341 299 239 292
A342 296 224 261
A343 278 291 219
A344 240 225 282
A345 243 200 285
A346 247 230 296
A347 222 274 274
A348 293 298 268
A349 252 251 254
A350 238 240 263
A351 251 270 263
A352 261 202 223
A353 233 213 273
A354 290 201 276
A355 216 299 206
A356 242 228 289
A357 283 203 222
A358 223 243 207
A359 281 206 241
A360 224 244 273
A361 207 239 250
A362 257 290 255
A363 219 283 298
A364 261 213 217
A365 223 232 273
A366 298 277 299
A367 262 209 223
A368 266 255 237
A369 241 227 226
A370 255 280 297
A371 283 208 270
A372 300 283 262
A373 225 260 209
A374 251 223 246
A375 292 222 290
A376 204 200 211
A377 234 283 229
A378 242 263 234
A379 250 241 284
A380 213 215 262
A381 229 264 202
A382 200 278 204
A383 247 223 250
A384 210 273 217
A385 290 211 287
A386 278 275 233
A387 247 236 226
A388 215 221 298
A389 267 240 246
A390 235 250 241
A391 278 212 244
A392 247 221 259
A393 244 291 244
A394 285 258 278
A395 262 223 210
A396 212 253 252
A397 248 273 267
A398 251 266 279
A399 236 214 243
A400 205 234 238
A401 259 211 274
A402 208 233 260
A403 273 243 290
A404 227 234 284
A405 289 263 279
A406 249 254 298
A407 287 254 287
A408 295 288 278
A409 274 226 246
A410 266 211 207
A411 216 239 256
A412 206 226 246
A413 203 253 291
A414 250 240 210
A415 263 220 239
A416 283 263 203
A417 300 287 260
A418 245 218 280
A419 251 265 224
A420 297 235 206
A421 214 207 232
A422 282 211 296
A423 227 282 236
A424 233 245 200
A425 207 237 214
A426 277 231 267
A427 239 291 264
A428 243 266 224
A429 247 271 220
A430 277 256 261
A431 221 207 218
A432 285 236 233
A433 279 281 209
A434 243 255 281
A435 267 267 242
A436 259 238 281
A437 265 274 233
A438 257 258 244
A439 242 271 242
A440 207 234 240
A441 275 251 226
A442 276 211 238
A443 283 223 201
A444 282 299 251
A445 258 296 235
A446 284 276 299
A447 283 289 233
A448 240 211 282
A449 227 265 250
A450 274 242 265
A451 291 271 246
A452 269 269 204
A453 254 292 255
A454 203 277 215
A455 280 284 275
A456 283 300 262
A457 208 259 295
A458 243 225 246
A459 207 234 239
A460 245 248 247
A461 288 208 281
A462 236 291 228
A463 204 289 226
A464 231 229 285
A465 244 279 211
A466 218 260 228
A467 206 245 265
A468 288 266 283
A469 271 248 245
A470 200 262 234
A471 265 209 243
A472 207 216 268
A473 234 244 293
A474 247 279 210
A475 236 278 230
A476 209 300 247
A477 234 290 275
A478 211 238 202
A479 283 300 243
A480 298 266 243
A481 284 203 227
A482 292 266 219
A483 241 236 263
A484 244 284 216
A485 235 260 267
A486 255 252 288
A487 253 261 249
A488 299 266 273
A489 260 254 271
A490 241 225 216
A491 224 236 278
A492 250 264 275
A493 284 245 212
A494 210 269 263
A495 285 291 205
A496 258 277 279
A497 236 228 248
A498 256 245 205
A499 294 285 238
A500 254 231 212
A501 248 200 211
A502 246 220 248
A503 238 285 297
A504 293 271 206
A505 275 243 293
A506 287 214 276
A507 268 202 277
A508 293 204 298
A509 268 268 292
A510 273 256 279
A511 236 230 213
A512 200 262 268
A513 251 238 271
A514 257 219 292
A515 282 244 257
A516 241 281 201
A517 212 207 271
A518 263 287 228
A519 235 256 296
A520 214 278 252
A521 256 265 228
A522 218 256 241
A523 294 275 282
A524 224 235 276
A525 204 210 283
A526 285 210 261
A527 240 227 288
A528 290 260 249
A529 207 274 243
A530 285 266 206
A531 272 237 260
A532 219 201 254
A533 264 264 289
A534 216 248 206
A535 220 289 273
A536 296 258 277
A537 245 250 245
A538 235 275 251
A539 264 267 205
A540 280 210 282
A541 298 208 209
A542 275 252 299
A543 215 286 209
A544 229 221 247
A545 273 223 279
A546 282 270 272
A547 276 212 216
A548 267 240 216
A549 261 237 263
A550 209 255 234
A551 249 284 253
A552 207 219 240
A553 297 245 236
A554 275 280 272
A555 268 216 228
A556 299 263 251
A557 273 283 298
A558 233 203 299
A559 265 231 269
A560 294 214 215
A561 236 206 231
A562 275 280 238
A563 294 266 204
A564 238 285 224
A565 236 201 232
A566 245 300 223
A567 288 263 275
A568 211 236 272
A569 237 215 280
A570 255 242 289
A571 272 203 231
A572 220 238 274
A573 240 294 236
A574 291 205 297
A575 246 234 298
A576 273 298 202
A577 267 219 231
A578 245 205 252
A579 241 224 271
A580 259 237 264
A581 258 239 223
A582 216 267 282
A583 294 215 263
A584 259 204 206
A585 287 298 258
A586 278 265 201
A587 274 265 218
A588 278 289 223
A589 257 226 299
A590 279 280 214
A591 203 282 256
A592 273 233 266
A593 274 230 268
A594 216 280 282
A595 239 207 214
A596 225 259 208
A597 295 263 259
A598 269 285 272
A599 246 281 251
A600 200 260 240
A601 284 214 236
A602 249 256 223
A603 250 214 265
A604 292 203 235
A605 234 258 285
A606 236 238 281
A607 208 231 268
A608 290 285 216
A609 255 234 297
A610 284 227 252
A611 215 274 270
A612 228 233 266
A613 246 291 252
A614 292 276 244
A615 244 202 260
A616 224 234 227
A617 288 209 242
A618 270 293 229
A619 272 294 229
A620 219 294 221
A621 227 266 288
A622 212 276 230
A623 265 206 224
A624 219 290 247
A625 229 217 255
A626 223 246 282
A627 257 231 200
A628 269 297 217
A629 210 246 282
A630 241 256 240
A631 236 227 298
A632 230 264 210
A633 257 232 227
A634 229 259 228
A635 203 268 219
A636 296 241 275
A637 274 248 248
A638 247 263 262
A639 221 258 269
A640 270 202 229
A641 249 223 250
A642 284 284 263
A643 249 300 253
A644 245 266 214
A645 255 227 272
A646 272 266 229
A647 298 214 205
A648 206 267 207
A649 293 289 264
A650 236 209 206
A651 242 288 230
A652 298 281 236
A653 278 219 285
A654 256 247 241
A655 222 229 283
A656 234 293 236
A657 290 249 292
A658 239 272 288
A659 224 243 256
A660 242 292 295
A661 300 213 290
A662 247 203 279
A663 284 257 246
A664 236 294 247
A665 245 241 268
A666 264 284 238
A667 225 259 297
A668 228 246 260
A669 214 202 216
A670 242 274 238
A671 280 235 227
A672 290 257 233
A673 252 276 226
A674 203 250 236
A675 290 253 255
A676 245 295 230
A677 220 261 259
A678 218 217 233
A679 299 272 267
A680 230 232 200
A681 262 242 284
A682 207 257 259
A683 219 255 285
A684 234 212 208
A685 211 221 209
A686 260 238 294
A687 204 270 207
A688 286 222 213
A689 280 261 218
A690 295 292 286
A691 267 221 243
A692 225 242 207
A693 252 282 297
A694 297 225 240
A695 246 286 248
A696 250 206 296
A697 223 238 233
A698 274 226 263
A699 293 276 219
A700 271 228 296
A701 240 224 263
A702 299 267 292
A703 265 287 280
A704 201 208 256
A705 297 207 244
A706 268 240 236
A707 265 229 255
A708 222 271 254
A709 252 294 296
A710 281 232 266
A711 288 282 254
A712 200 256 201
A713 277 247 218
A714 257 286 220
A715 216 222 230
A716 278 277 218
A717 219 225 236
A718 284 205 300
A719 241 217 253
A720 209 247 274
A721 296 285 254
A722 214 213 226
A723 202 297 251
A724 243 292 294
A725 218 207 244
A726 234 206 249
A727 224 275 216
A728 277 261 207
A729 230 204 277
A730 254 259 238
A731 248 268 200
A732 244 261 200
A733 267 201 208
A734 204 275 280
A735 267 276 233
A736 242 266 298
A737 256 207 211
A738 204 286 272
A739 258 219 223
A740 246 285 208
A741 250 249 237
A742 213 296 224
A743 294 274 247
A744 243 268 204
A745 240 220 200
A746 236 210 286
A747 275 288 239
A748 279 299 252
A749 227 243 282
A750 228 287 242
A751 278 221 217
A752 300 254 226
A753 243 254 281
A754 209 249 292
A755 251 213 240
A756 206 264 266
A757 272 221 208
A758 238 271 297
A759 270 272 250
A760 286 286 252
A761 242 265 287
A762 204 266 246
A763 288 241 266
A764 274 294 257
A765 204 265 239
A766 247 227 286
A767 212 221 280
A768 216 257 266
A769 234 239 250
A770 221 230 283
A771 276 257 268
A772 229 268 284
A773 205 247 248
A774 294 219 223
A775 300 298 227
A776 252 234 206
A777 257 222 244
A778 265 273 265
A779 272 225 208
A780 220 271 226
A781 297 267 210
A782 283 298 237
A783 289 275 298
A784 255 241 281
A785 238 219 201
A786 257 216 259
A787 238 283 205
A788 244 264 207
A789 238 211 284
A790 203 258 242
A791 276 285 277
A792 221 298 253
A793 212 217 300
A794 291 263 259
A795 208 202 281
A796 264 227 254
A797 263 215 208
A798 249 283 289
A799 220 252 202
A800 202 244 287
A801 253 286 217
A802 256 280 257
A803 203 216 221
A804 249 244 300
A805 259 248 219
A806 246 236 262
A807 227 275 284
A808 229 240 242
A809 233 227 202
A810 289 200 245
A811 250 210 273
A812 213 238 278
A813 242 252 222
A814 224 260 211
A815 233 213 272
A816 209 290 235
A817 269 275 216
A818 241 276 270
A819 203 223 245
A820 275 222 253
A821 254 215 215
A822 277 300 234
A823 227 246 209
A824 242 204 284
A825 239 202 214
A826 273 297 227
A827 271 224 237
A828 268 219 226
A829 228 208 234
A830 202 209 214
A831 232 267 229
A832 270 271 244
A833 296 256 214
A834 237 283 244
A835 225 227 270
A836 233 202 273
A837 255 230 227
A838 218 204 299
A839 216 286 297
A840 290 249 292
A841 300 224 237
A842 296 209 238
A843 254 270 232
A844 270 278 241
A845 212 233 242
A846 294 243 293
A847 257 295 206
A848 262 248 279
A849 288 214 262
A850 231 254 285
A851 248 205 207
A852 223 238 259
A853 206 230 217
A854 232 280 233
A855 241 285 253
A856 286 205 271
A857 257 222 243
A858 203 233 254
A859 285 238 277
A860 258 207 295
A861 276 222 215
A862 247 222 272
A863 233 290 296
A864 284 287 212
A865 275 224 215
A866 274 220 263
A867 225 201 209
A868 292 274 231
A869 242 244 273
A870 254 238 300
A871 282 249 222
A872 223 256 257
A873 217 294 263
A874 282 253 215
A875 276 274 236
A876 230 229 208
A877 238 211 217
A878 213 232 205
A879 286 285 249
A880 285 205 278
A881 299 280 252
A882 296 201 237
A883 290 252 268
A884 258 256 227
A885 300 244 249
A886 294 215 200
A887 295 211 215
A888 265 215 226
