B019 257 224 258
B011 225 228 214
B031 210 229 205
B026 295 298 299
B004 271 279 246
B035 297 279 232
B027 242 297 216
B011 225 228 214
B030 232 232 298
B017 257 221 221
B030 232 232 298
B031 210 229 205
B021 230 215 231
B011 225 228 214
B015 203 227 208
B032 290 216 297
B003 250 225 246
B018 239 221 283
B027 242 297 216
B025 211 262 223
B037 259 263 227
B033 261 236 282
B003 250 225 246
B030 232 232 298
B008 201 226 250
B020 285 201 227
B032 290 216 297
B029 257 287 206
B033 261 236 282
B009 247 251 260
B002 249 278 290
B021 230 215 231
B012 289 222 268
B012 289 222 268
B029 257 287 206
B036 276 227 260
B029 257 287 206
B008 201 226 250
B002 249 278 290
B034 258 218 255
B014 246 212 292
B031 210 229 205
B017 257 221 221
B026 295 298 299
B020 285 201 227
B027 242 297 216
B021 230 215 231
B018 239 221 283
B014 246 212 292
B003 250 225 246
B020 285 201 227
B037 259 263 227
B011 225 228 214
B013 214 207 216
B016 251 235 208
B028 251 278 273
B008 201 226 250
B001 226 284 235
B018 239 221 283
B025 211 262 223
B004 271 279 246
B040 258 210 259
B019 257 224 258
B031 210 229 205
B016 251 235 208
B010 235 294 279
B019 257 224 258
B010 235 294 279
B024 279 290 246
B020 285 201 227
B004 271 279 246
B036 276 227 260
B016 251 235 208
B034 258 218 255
B011 225 228 214
B007 207 235 286
B017 257 221 221
B019 257 224 258
B011 225 228 214
B022 268 246 250
B040 258 210 259
B014 246 212 292
B015 203 227 208
B031 210 229 205
B021 230 215 231
B006 203 253 227
B011 225 228 214
B040 258 210 259
B038 259 243 205
B001 226 284 235
B029 257 287 206
B029 257 287 206
B031 210 229 205
B018 239 221 283
B031 210 229 205
B016 251 235 208
B012 289 222 268
B027 242 297 216
B011 225 228 214
B011 225 228 214
B009 247 251 260
B012 289 222 268
B035 297 279 232
B036 276 227 260
B009 247 251 260
B025 211 262 223
B022 268 246 250
B019 257 224 258
B002 249 278 290
B010 235 294 279
B011 225 228 214
B031 210 229 205
B032 290 216 297
B037 259 263 227
B027 242 297 216
B031 210 229 205
B025 211 262 223
B030 232 232 298
B010 235 294 279
B010 235 294 279
